127328
127326
127329
127327
127161
127164
127165
127160
127162
127163
127204
127199
127202
127201
127200
127203
127592
127591
127594
127593
127589
127590
127253
127255
127256
127254
127251
127252
127217
127216
127215
127213
127214
127212
127258
127257
127262
127261
127260
127259
127588
127584
127587
127585
127586
127583
127369
127368
127370
127367
127372
127371
127482
127472
127480
127478
127481
127471
127475
127474
127479
127477
127473
127476
127398
127400
127401
127403
127399
127402
127330
127334
127332
127335
127331
127333
127489
127487
127486
127485
127488
127484
127466
127467
127464
127465
127463
127468
127364
127363
127366
127365
127389
127390
127391
127392
127569
127568
127571
127570
127909
127908
127907
127906
127469
128322
127393
127223
127226
127222
127225
127224
127227
127248
127250
127245
127246
127249
127247
127207
127205
127208
127206
128431
127599
127597
127596
127595
127600
127598
127341
127337
127339
127340
127336
127338
127582
127953
127951
127955
127954
127952
127956
127958
127961
127963
127962
127959
127960
127528
127529
127532
127530
127531
127533
127552
127551
127555
127553
127550
127554
127470
127634
127537
127535
127536
127534
127549
127547
127548
127546
127725
127726
127727
127728
127175
127174
127179
127177
127178
127176
127196
127197
127198
127194
127195
127193
127170
127171
127166
127167
127169
127168
127914
127911
127913
127910
127915
127912
127420
127416
127418
127417
127419
127415
127352
127355
127357
127354
127353
127356
127430
127432
127429
127431
127316
127313
127315
127314
127358
127360
127361
127359
128311
128314
128312
128313
127462
127461
127459
127460
127373
127374
127376
127375
127440
127438
127437
127439
127572
127574
127575
127573
127435
127436
127434
127433
127499
127500
127501
127502
127538
127540
127539
127541
128305
128303
128304
128306
126748
126744
126743
126745
126747
126746
126588
126587
126590
126585
126589
126586
127454
127458
127456
127455
127453
127457
127292
127293
127296
127291
127294
127295
127311
127312
127310
127309
127306
127307
127308
127305
129442
129446
129444
129448
129440
129447
129443
129449
129450
129445
129451
129441
129298
129297
129296
129301
129300
129299
129091
130195
129293
129295
129290
129291
129292
129294
135430
135428
135431
135427
135426
135429
135435
135432
135434
135437
135436
135433
135743
135738
135741
135740
135742
135739
135468
135470
135469
135472
135473
135471
135454
135452
135450
135453
135455
135451
135475
135474
135476
135479
135478
135477
135764
135761
135763
135760
135765
135762
135770
135767
135772
135771
135769
135768
136268
136267
136270
136265
136269
136266
136259
136261
136262
136260
136264
136263
136048
136047
136045
136049
136046
136044
136873
136874
136875
136871
136872
136876
136784
136788
136785
136789
136786
136787
136774
136777
136772
136773
136776
136775
136780
136783
136778
136779
136781
136782
136798
136799
136801
136797
136796
136800
136818
136814
136816
136813
136817
136815
137414
137411
137415
137413
137410
137412
136790
136791
136793
136794
136792
136795
127266
127263
127264
127268
127265
127267
127567
127562
127564
127566
127565
127563
127388
127385
127386
127387
127384
127383
127348
127351
127349
127347
127350
127346
127560
127561
127558
127557
127556
127559
127282
127284
127283
127285
127286
127281
127378
127381
127377
127379
127380
127382
129576
129580
129577
129579
129581
129578
129569
129568
129570
129566
129567
129571
